99
102
99
106
106
106
100
103
101
99
106
109
114
115
108
116
114
116
113
107
109
111
48
46
53
49
50
55
51
47
51
54
50
99
98
98
95
104
100
98
98
102
97
101
92
99
93
98
96
101
98
93
97
100
94
96
104
97
99
101
106
104
97
104
102
100
110
110
115
117
117
116
112
117
107
112
113
112
107
114
110
116
110
111
109
114
111
117
106
105
108
113
108
112
107
110
107
108
112
112
120
112
117
121
116
121
116
120
118
113
105
110
112
105
115
112
110
111
113
105
107
120
124
130
129
130
129
123
129
124
127
131
123
130
122
124
131
127
126
112
110
113
115
41
40
36
39
40
38
43
36
38
40
42
124
135
134
131
131
138
136
134
132
126
138
135
142
146
145
145
143
147
146
147
138
141
113
122
126
128
128
127
123
127
119
122
125
124
138
135
137
141
139
136
137
131
139
133
139
148
142
145
147
145
150
147
144
149
140
121
135
120
131
132
137
132
133
130
135
127
134
139
145
141
142
146
142
141
141
135
145
131
134
140
143
140
137
140
141
135
132
138
100
106
110
103
110
108
103
106
108
105
100
118
117
123
119
119
124
120
120
123
116
113
39
36
42
38
43
40
38
37
39
42
36
115
123
117
121
124
123
127
118
124
123
118
126
127
125
129
132
130
127
126
132
126
129
114
120
117
115
119
116
120
118
115
113
120
123
132
125
131
131
136
132
136
134
129
127
115
126
121
124
125
122
126
119
121
123
126
117
120
116
119
122
122
118
120
120
118
116
118
125
123
120
122
126
124
127
123
120
122
107
116
113
109
117
114
117
117
113
110
111
133
134
137
137
135
139
140
141
138
136
132
149
156
149
153
154
158
153
148
151
153
154
30
26
31
29
31
33
34
27
32
25
29
131
138
144
139
145
141
145
140
142
138
144
138
147
149
145
149
145
147
87
89
85
91
128
143
138
141
145
139
142
137
141
144
137
133
142
141
136
138
142
145
137
142
142
137
149
147
148
151
153
149
152
149
144
152
150
126
139
137
134
136
138
140
132
138
136
133
148
165
163
158
163
166
168
163
161
159
165
118
126
129
125
129
125
123
129
122
124
126
138
140
138
161
187
186
180
185
187
183
187
137
129
131
146
170
171
170
171
174
172
169
44
42
46
57
63
67
63
61
60
63
66
130
133
130
181
202
206
198
206
210
209
206
125
126
125
164
204
203
200
207
206
206
203
134
129
132
134
152
153
148
103
102
148
148
96
94
94
117
128
126
125
125
123
125
125
95
105
98
98
119
117
117
118
120
117
115
114
120
114
126
138
141
136
136
137
139
139
212
216
230
231
302
309
298
311
311
309
307
121
123
120
141
160
161
155
157
160
157
160
116
115
121
116
117
124
95
116
115
122
119
110
117
115
121
120
122
94
121
114
120
117
46
45
43
49
45
48
41
49
42
47
44
100
102
99
104
103
105
98
101
106
100
103
125
131
129
127
129
131
124
131
133
124
135
105
102
105
110
106
109
89
78
84
79
85
105
114
112
117
116
118
98
91
93
95
97
175
180
179
186
186
181
165
177
172
179
178
128
131
132
138
133
134
125
131
131
135
137
158
153
155
155
153
157
140
153
155
160
159
121
123
127
131
131
126
118
127
128
123
124
113
121
113
117
123
118
108
122
114
119
115
119
121
114
115
124
120
110
116
118
123
119
46
50
54
57
51
55
51
38
43
56
54
120
124
122
119
123
124
106
125
122
127
120
128
127
134
133
132
135
114
127
134
129
131
106
111
114
115
112
114
106
115
117
113
111
105
108
113
114
115
116
99
110
108
112
115
120
124
117
123
127
128
109
126
127
119
123
116
127
123
125
125
128
104
122
125
120
127
111
116
109
115
119
114
107
118
111
115
114
121
122
130
125
125
128
122
123
129
123
127
127
128
139
136
141
135
123
132
136
134
139
134
137
144
141
140
144
130
137
139
138
135
48
46
43
40
44
45
45
46
41
48
44
141
147
152
151
152
147
134
152
144
148
149
153
159
149
154
155
158
154
151
157
153
159
137
137
142
146
139
143
133
137
143
142
137
158
162
167
161
166
162
155
162
168
166
161
111
114
110
111
113
116
96
114
112
109
115
136
135
139
138
139
142
116
136
136
140
143
127
137
131
134
137
133
113
130
131
135
133
146
144
141
146
145
147
124
144
145
148
141
102
98
107
103
108
103
100
106
99
108
104
115
121
114
118
121
123
107
120
122
118
115
26
34
31
30
34
29
29
31
27
29
34
121
119
125
130
129
122
123
125
127
129
122
132
139
136
131
135
137
124
136
132
130
138
139
147
139
143
143
146
129
149
143
141
145
130
131
129
135
132
135
113
132
133
131
127
125
138
136
140
138
140
131
137
135
141
133
122
122
124
119
123
126
117
144
141
144
126
174
169
174
179
175
173
152
174
170
173
175
123
132
129
120
135
130
118
128
131
130
126
98
107
102
107
106
109
90
101
107
105
107
110
113
107
110
110
112
103
112
108
114
117
42
36
37
40
36
36
37
38
40
36
34
134
135
128
133
134
133
127
132
133
136
130
158
162
158
161
159
160
148
164
155
160
159
89
89
91
95
92
93
87
88
94
93
90
150
167
168
162
166
169
145
165
165
170
161
118
123
125
116
120
127
99
117
123
125
119
112
120
117
122
120
123
100
115
119
119
121
108
112
106
106
115
111
109
111
113
108
105
132
132
128
127
134
130
117
130
127
133
135
135
130
129
131
135
132
119
131
129
136
134
102
110
103
108
110
111
94
109
102
105
106
39
39
52
54
57
53
46
41
39
57
54
112
114
119
121
121
116
111
111
114
117
119
138
141
143
137
140
143
129
142
139
140
137
127
136
128
132
131
135
124
132
136
129
130
111
111
109
117
113
117
112
115
112
110
116
115
120
123
125
125
126
100
125
119
122
127
136
132
136
130
134
137
118
137
131
135
131
125
134
127
132
130
133
126
132
130
135
128
131
133
132
136
134
138
122
134
138
136
131
115
116
121
116
122
122
98
116
123
117
120
124
121
123
125
130
125
112
128
129
126
123
46
55
51
54
50
55
46
54
50
47
49
114
125
122
124
126
128
101
125
122
120
127
138
143
149
149
149
151
125
143
148
147
145
139
141
147
150
149
145
134
138
146
147
140
125
135
131
133
130
132
123
131
126
133
133
141
147
141
146
145
146
125
144
145
142
148
123
123
129
125
125
128
104
127
130
126
123
113
124
117
122
125
122
101
120
118
123
126
154
162
160
162
166
161
140
164
162
160
157
147
157
155
154
156
161
143
159
151
156
153
139
151
144
144
152
150
123
151
150
144
147
19
24
19
27
26
23
21
24
26
22
28
133
144
137
137
141
146
126
143
142
137
140
158
167
169
169
167
173
159
166
164
169
170
143
143
142
145
147
145
136
140
144
142
146
146
156
158
155
158
159
135
156
148
154
159
133
136
139
142
139
143
130
139
136
134
141
141
142
140
146
145
142
135
145
148
140
142
140
151
143
146
148
153
141
151
147
145
143
119
117
119
121
124
122
104
116
124
118
122
135
142
137
135
136
140
130
142
136
135
139
140
148
142
150
147
149
125
144
144
141
145
55
55
52
59
53
51
46
54
55
48
50
125
133
132
129
129
132
118
132
131
129
126
138
135
143
137
142
139
124
136
143
138
140
141
139
140
144
140
144
126
144
137
143
139
129
134
136
138
134
133
129
133
136
132
137
137
148
142
144
146
146
133
147
143
146
142
110
115
115
110
116
118
89
117
115
111
113
141
151
145
150
146
150
143
152
144
149
147
130
133
127
129
134
130
120
131
125
130
135
109
115
117
113
114
116
105
111
116
110
117
121
117
115
119
115
120
102
120
116
122
114
43
48
44
51
49
51
40
52
44
50
48
144
136
140
140
143
144
127
122
130
125
131
153
158
148
155
153
155
135
158
152
151
156
101
101
116
114
113
116
91
112
116
115
110
107
110
107
107
114
110
96
110
115
109
113
107
115
118
110
117
114
102
109
115
111
110
115
123
120
125
126
128
112
122
127
121
125
155
162
161
159
162
159
143
155
161
158
159
118
119
118
123
119
125
96
119
116
121
124
100
110
104
106
107
105
103
106
108
104
102
98
109
106
105
108
106
93
104
105
100
108
35
34
41
39
40
43
36
44
36
38
41
99
99
98
95
99
97
92
102
97
98
95
89
101
98
97
93
94
93
98
95
99
101
115
110
112
114
115
113
103
110
115
110
117
132
130
132
128
131
136
126
134
130
136
129
121
131
127
132
133
132
117
131
126
129
134
114
118
117
122
121
118
115
123
120
118
115
128
128
125
123
128
132
115
129
125
130
123
126
131
122
126
132
128
107
126
124
127
131
113
115
121
119
117
116
113
118
119
116
113
131
127
130
129
131
131
121
128
130
126
133
33
40
38
42
39
37
38
44
41
37
39
154
153
156
150
160
158
135
157
155
157
152
115
122
119
124
123
123
98
118
123
121
116
123
132
145
143
140
145
135
138
144
144
140
153
160
164
159
159
160
149
158
164
162
156
159
170
168
167
168
165
156
161
164
165
162
140
146
145
140
144
142
135
144
139
147
145
114
110
112
116
113
118
112
115
118
111
113
135
145
142
147
144
141
135
139
137
145
142
92
95
90
92
92
97
94
88
91
95
90
96
99
103
104
101
105
95
88
85
101
104
40
37
40
44
41
44
41
36
42
40
38
113
118
111
114
111
119
108
114
113
111
119
108
109
117
115
116
114
110
109
113
115
117
99
109
106
103
106
106
95
110
104
105
108
94
96
93
100
98
97
77
97
94
93
96
102
106
95
103
104
101
97
101
101
106
108
89
101
97
98
102
100
85
101
95
101
96
107
115
112
115
118
115
102
116
105
119
113
83
91
91
88
93
91
72
92
87
90
85
109
110
112
109
112
116
107
112
114
117
111
107
114
107
112
114
115
95
107
112
115
109
29
28
34
30
30
32
24
31
26
29
34
104
103
104
100
107
109
93
104
100
102
107
108
115
116
113
117
118
99
113
113
110
117
120
122
122
116
126
127
104
117
122
124
121
113
114
119
112
112
118
108
113
115
115
120
132
132
134
128
132
136
130
129
137
132
134
103
115
115
110
113
116
105
111
111
117
115
104
114
116
111
114
116
112
111
116
114
112
108
101
103
106
104
107
104
109
101
104
106
94
96
94
92
94
98
92
95
98
98
90
121
121
115
119
122
125
106
120
125
117
123
44
44
49
50
47
49
43
48
42
50
44
105
108
114
112
113
115
94
110
113
108
115
115
112
116
114
120
116
108
113
115
115
118
128
136
132
129
136
134
126
134
130
128
133
132
136
132
134
136
138
130
134
138
129
138
136
136
133
131
138
141
116
141
134
137
132
118
119
115
118
124
119
113
113
117
121
119
148
149
145
154
156
151
141
150
149
147
152
121
130
123
124
124
128
111
128
123
123
128
122
121
118
120
123
127
110
119
121
123
125
128
137
130
130
136
133
118
125
131
133
136
20
26
24
37
38
34
34
27
34
30
32
93
101
97
93
102
101
90
95
102
101
98
126
131
135
136
130
136
122
131
136
129
135
129
131
139
134
135
139
119
134
136
140
133
120
129
124
131
130
128
124
127
131
124
129
117
122
114
115
122
120
114
120
116
114
119
120
119
125
124
125
128
119
128
121
123
125
91
98
98
103
97
103
84
103
95
95
100
144
151
155
147
153
154
125
148
155
148
154
116
126
125
129
132
128
98
130
125
124
128
102
103
105
110
109
106
101
104
102
109
105
50
49
52
55
56
55
40
48
53
49
52
123
122
114
127
130
128
108
130
122
127
125
107
108
107
105
110
109
100
105
112
108
110
131
136
131
140
138
136
133
134
139
137
142
116
121
123
118
122
126
109
127
122
124
119
128
137
139
134
134
137
118
133
138
131
133
124
124
120
125
127
124
104
119
121
126
125
132
131
133
137
139
138
116
136
139
134
131
121
129
128
133
132
130
116
132
125
129
126
116
123
120
115
117
122
109
116
122
120
118
146
156
146
154
155
150
139
151
155
153
148
39
36
38
40
42
43
37
38
41
36
43
122
122
121
125
125
129
107
126
120
129
124
120
120
120
112
119
122
114
118
121
115
120
127
127
129
134
131
133
125
133
136
136
128
134
133
140
138
137
140
116
136
132
139
133
122
118
121
121
125
119
110
121
119
122
124
139
139
137
136
146
140
129
138
139
144
142
121
130
127
123
123
128
119
124
123
128
127
118
125
118
124
124
126
110
120
124
116
119
172
168
169
172
174
176
145
175
172
167
169
168
176
172
168
172
175
144
172
170
168
175
73
70
73
68
75
71
67
56
58
72
75
204
220
218
216
218
222
172
218
222
215
220
172
184
187
181
189
188
149
188
184
186
180
199
204
216
218
220
223
177
206
202
217
218
157
162
168
167
166
169
151
168
162
166
162
172
179
175
172
176
178
156
176
177
179
168
188
190
194
194
192
196
177
197
193
191
198
165
164
161
168
162
166
144
165
160
163
168
179
190
191
188
192
186
161
188
191
185
191
128
134
132
135
133
135
101
132
130
134
138
144
159
161
156
159
160
127
156
154
160
158
36
42
44
47
47
44
40
45
40
47
42
115
116
124
118
122
120
109
113
112
105
110
133
145
147
142
144
147
116
140
146
144
141
107
117
110
119
118
119
88
111
116
109
114
142
142
144
140
142
145
120
145
143
139
141
109
108
105
111
110
112
86
110
107
108
103
114
116
114
121
119
121
95
118
119
111
115
126
125
127
123
125
128
106
128
131
123
126
123
122
119
124
126
125
107
120
126
122
124
141
141
143
139
144
140
122
140
144
146
139
144
142
145
150
144
148
131
143
148
151
145
31
36
34
29
35
37
21
29
32
31
36
127
133
136
139
135
140
104
139
134
135
131
139
142
137
139
141
142
126
139
141
136
140
137
142
147
148
144
146
131
133
131
145
140
124
131
126
132
129
132
103
126
134
132
129
139
138
137
142
142
143
114
134
140
140
136
133
143
140
145
142
143
125
142
137
139
133
134
139
140
134
138
139
125
131
137
136
140
146
156
149
154
153
156
130
150
156
157
152
126
126
132
134
131
129
135
134
128
127
131
109
118
117
113
121
119
115
113
118
120
114
43
48
50
44
45
44
48
40
38
44
43
135
145
146
137
144
142
144
146
141
143
140
136
135
133
140
137
142
138
135
140
138
133
141
147
143
150
151
151
149
98
102
148
149
152
152
152
158
154
158
154
158
154
153
160
136
139
137
135
144
140
135
140
141
136
136
95
103
104
98
105
104
100
102
100
97
104
112
122
126
120
123
127
123
124
119
122
125
112
117
109
114
116
115
114
116
109
111
114
185
194
190
187
193
192
196
192
193
197
189
177
178
182
186
182
181
183
180
184
182
176
50
47
49
53
52
50
55
46
52
50
48
146
148
154
147
148
154
149
146
149
151
153
150
162
157
154
158
162
159
153
162
159
157
151
158
169
166
167
172
169
154
170
165
166
134
138
135
134
136
142
139
138
133
141
132
143
154
149
152
157
154
152
150
151
147
154
154
165
167
167
170
169
165
164
170
163
165
131
130
138
133
135
121
134
130
138
132
135
142
149
154
153
151
152
154
150
154
152
148
121
123
128
126
131
129
126
129
124
122
123
141
138
145
147
141
146
144
140
143
145
144
49
52
48
46
52
49
47
45
52
49
47
122
130
136
133
128
134
129
132
130
134
126
135
138
132
134
139
136
141
139
135
142
137
108
113
119
130
134
130
130
118
121
132
134
201
210
215
217
218
215
211
209
213
216
217
187
192
196
197
196
200
196
195
194
193
198
140
149
143
145
143
150
145
145
148
142
147
125
130
136
137
137
136
129
132
137
132
129
127
134
138
137
138
137
133
139
136
133
131
122
130
128
125
132
130
127
130
125
128
122
129
137
140
142
143
142
137
138
142
141
136
56
58
55
62
61
59
63
55
60
61
56
105
117
130
126
130
126
126
129
126
127
122
141
139
141
140
146
143
137
144
139
146
140
141
146
145
141
145
150
144
142
146
145
147
139
142
139
136
144
140
139
142
137
141
136
131
130
128
134
134
131
134
131
129
133
133
117
124
128
129
129
125
123
125
127
122
128
131
131
127
134
134
133
131
134
130
133
128
151
161
161
163
160
164
163
162
159
166
162
115
117
109
113
116
120
113
117
119
112
113
122
123
130
128
128
130
123
130
127
122
125
45
52
49
54
48
51
50
53
55
51
49
118
119
122
125
124
126
128
119
122
125
124
115
122
114
116
122
118
119
115
117
121
120
119
123
120
116
121
125
116
116
117
124
121
140
139
144
141
144
147
143
146
144
140
142
128
137
129
134
131
136
135
129
132
136
134
125
128
126
132
129
132
132
124
132
127
130
125
125
129
128
129
130
132
129
126
131
133
121
117
115
120
121
122
116
117
115
119
120
123
129
123
131
126
130
132
128
131
126
125
112
119
121
116
122
116
117
119
117
111
121
32
43
46
50
55
51
54
39
42
37
54
131
128
130
136
138
133
134
128
136
131
131
126
132
127
133
132
128
130
131
134
127
128
118
124
131
127
131
127
126
130
124
128
126
127
133
136
135
132
135
135
134
133
134
129
125
131
132
127
130
133
125
128
126
130
133
121
124
116
119
120
124
123
120
118
121
124
130
128
125
132
126
132
132
129
127
124
132
157
155
158
154
162
155
157
156
153
161
158
119
124
126
122
129
129
124
126
124
129
122
116
126
125
120
127
129
122
117
125
121
127
26
19
25
21
35
37
32
39
32
37
34
111
112
119
114
117
120
112
118
111
116
112
140
148
143
141
149
145
147
149
146
140
144
132
134
129
133
135
138
140
134
136
131
130
127
133
127
131
132
133
128
133
130
126
133
159
170
165
167
169
166
168
167
163
166
169
127
139
130
135
134
137
139
135
133
131
137
109
109
111
106
111
112
105
104
110
108
113
128
139
132
137
138
139
134
130
139
135
137
123
132
127
125
128
132
132
128
133
130
125
140
132
139
137
138
140
142
142
138
137
135
31
41
37
36
41
36
39
38
35
33
40
147
149
143
146
149
152
146
149
143
145
149
171
171
170
167
175
178
172
169
174
176
177
171
181
176
180
183
176
180
181
176
179
176
145
150
154
151
155
151
154
150
157
153
154
145
153
150
142
149
152
154
152
152
148
146
135
132
133
137
133
137
139
138
136
133
130
143
149
148
147
150
149
152
150
147
151
144
128
132
126
128
134
131
133
133
128
125
131
104
107
112
114
112
115
110
87
81
85
90
117
116
114
121
117
118
121
89
94
96
93
48
46
44
50
52
48
51
48
46
51
43
115
116
113
121
120
116
116
96
102
94
99
123
124
132
131
128
131
133
94
104
105
106
112
118
130
129
131
127
126
100
102
117
114
139
148
149
145
151
148
150
120
124
119
123
150
150
153
157
154
157
158
131
134
134
133
132
135
133
139
140
141
133
114
107
115
114
124
126
129
124
127
130
133
111
104
111
109
124
127
133
129
133
130
131
114
117
117
104
125
128
134
130
131
133
135
105
106
100
108
134
140
135
137
143
138
140
120
120
112
114
25
32
23
29
29
30
33
26
29
23
31
116
123
118
126
127
120
124
93
97
97
90
142
138
144
141
143
144
145
105
109
92
102
93
101
113
112
113
115
110
89
86
97
95
117
128
126
125
132
127
128
102
102
100
104
149
153
146
145
154
154
150
117
120
117
113
130
133
127
137
135
132
134
100
105
100
104
128
129
132
125
132
135
129
97
102
106
100
141
138
141
143
147
143
145
115
115
103
113
129
130
130
131
140
136
136
97
98
93
100
112
116
116
112
113
118
114
76
71
72
71
27
34
33
30
35
32
29
29
35
32
33
124
133
136
130
132
135
136
136
130
131
135
118
130
129
127
126
125
127
131
129
127
124
155
151
155
153
154
157
157
111
121
122
124
125
125
132
135
136
131
132
101
105
100
106
139
145
147
149
146
148
144
98
100
99
99
132
137
132
140
133
134
136
112
111
110
112
119
124
131
127
128
132
133
82
72
82
83
195
206
211
207
210
213
208
145
145
143
144
111
112
117
116
122
119
117
116
116
112
113
113
121
115
123
120
123
120
117
115
124
121
46
46
46
51
49
47
45
52
45
50
47
133
133
129
132
132
137
132
131
137
130
135
102
108
112
110
114
112
108
114
107
111
109
134
132
135
138
139
136
140
142
133
135
137
111
121
119
117
119
115
116
114
122
118
120
142
143
149
145
150
150
145
148
141
147
151
109
117
114
119
113
120
117
114
118
112
116
111
115
120
122
118
116
119
114
119
117
121
125
126
121
125
128
125
128
122
125
130
126
112
125
124
121
125
124
125
121
123
118
126
111
117
111
113
114
119
115
109
112
117
116
26
24
31
28
33
31
28
25
30
32
28
112
110
116
116
116
118
113
118
114
108
114
114
120
114
116
121
118
120
115
116
122
120
126
127
142
138
140
147
144
130
125
145
141
107
107
107
114
114
111
116
111
110
114
116
122
120
120
126
123
128
120
125
125
120
120
127
126
128
123
123
129
126
129
121
124
127
111
120
118
113
116
120
118
114
113
119
116
110
115
111
113
113
119
115
113
109
115
118
140
139
144
138
145
143
147
141
136
145
143
119
116
120
118
123
122
121
117
118
122
120
41
35
37
40
41
38
41
39
34
42
36
96
95
98
103
100
104
101
96
103
99
102
141
146
152
151
151
154
150
145
152
154
150
145
155
147
149
155
154
149
153
151
149
154
145
158
156
154
156
155
152
156
152
149
155
115
121
122
124
122
122
119
118
119
120
123
153
152
148
157
158
157
154
154
153
151
155
154
152
155
149
154
158
154
157
150
154
149
136
146
142
149
146
144
149
140
146
149
145
78
90
88
85
83
91
88
87
83
89
80
123
121
125
119
127
123
127
121
125
128
123
29
33
36
39
34
40
37
32
37
39
35
90
86
89
93
93
91
86
89
92
85
87
116
116
113
111
116
114
117
117
106
115
113
99
110
105
108
106
111
109
104
106
109
102
89
85
88
92
94
92
88
86
89
91
94
95
105
102
100
98
103
101
97
103
99
102
124
123
125
128
126
133
128
127
130
125
130
122
135
131
131
131
136
133
131
136
130
134
118
122
116
118
123
119
115
119
113
121
117
102
99
102
105
106
100
102
106
100
104
106
100
98
100
106
106
103
101
105
100
103
107
26
33
33
28
35
33
30
29
34
32
27
107
108
104
110
113
112
109
106
110
108
111
105
105
107
111
109
112
108
109
104
107
111
134
139
142
144
140
145
143
136
141
138
142
83
79
81
84
83
79
87
82
85
83
79
97
107
104
108
109
106
104
102
106
104
100
95
96
101
103
95
98
101
101
103
96
98
85
87
81
84
91
87
87
73
75
90
86
83
90
88
81
85
87
83
86
89
87
81
113
111
116
114
113
117
118
111
116
117
113
112
123
117
118
123
118
119
122
119
114
119
35
31
33
29
35
31
37
34
30
33
36
112
110
113
109
114
116
111
112
113
115
106
117
127
130
129
133
129
131
125
126
129
132
111
119
116
111
118
114
111
111
113
117
117
116
112
114
118
116
119
119
119
115
114
111
121
130
132
125
136
129
134
130
133
127
132
128
130
124
127
129
125
123
129
124
131
126
141
146
139
142
143
146
148
143
148
141
145
121
126
133
132
130
133
134
132
127
134
130
137
138
140
134
138
140
138
133
137
139
135
115
122
121
116
119
122
124
119
123
117
119
39
42
36
37
36
40
38
37
40
41
34
131
137
139
143
144
140
141
139
136
143
141
131
131
134
138
137
139
134
131
138
134
135
131
141
134
138
137
138
141
139
142
133
137
116
128
122
126
125
129
124
124
122
128
126
127
122
120
128
127
129
125
129
122
123
127
114
128
131
125
131
126
131
131
130
128
125
129
126
119
127
131
126
127
128
130
125
122
110
111
114
109
113
117
112
109
114
111
113
160
162
158
160
166
165
164
166
161
163
159
161
162
163
160
166
162
165
160
166
162
165
36
34
31
36
34
38
37
29
26
34
33
144
141
146
139
143
141
146
138
143
141
146
139
144
142
147
144
145
145
138
140
144
142
144
147
151
153
154
154
150
133
128
154
148
134
140
138
135
140
141
135
139
135
137
142
129
133
129
136
132
130
134
129
133
131
127
137
137
142
142
145
142
138
141
134
134
139
129
134
138
130
136
135
135
129
134
136
131
152
165
159
163
156
165
162
160
165
162
158
88
97
99
94
94
99
96
95
97
93
90
117
122
115
118
122
118
123
118
119
116
123
22
28
24
30
28
24
29
26
20
27
23
95
98
93
91
98
97
93
91
96
94
98
109
118
117
112
118
118
116
120
113
117
114
119
126
121
119
127
125
121
109
111
125
118
141
142
140
147
145
139
145
139
145
147
142
93
99
102
104
105
104
101
101
97
103
100
106
107
101
105
108
107
105
101
108
104
106
113
121
119
117
121
125
122
115
120
118
118
107
114
112
106
115
111
115
109
113
106
110
120
125
123
120
126
123
128
123
125
122
119
127
127
125
132
133
131
128
133
130
128
123
43
51
43
48
51
47
44
44
51
46
49
102
100
98
102
105
103
100
100
98
104
102
119
121
124
127
122
128
123
122
122
120
125
128
127
136
139
139
137
133
124
127
136
139
128
142
137
140
140
145
141
141
142
136
138
147
150
145
143
149
146
151
143
149
146
145
182
193
195
193
196
193
191
194
189
188
196
168
164
167
167
169
167
169
166
168
170
164
120
127
130
121
127
133
129
126
131
124
127
111
113
109
116
117
114
116
111
116
113
118
115
125
120
123
125
123
121
122
117
120
124
56
52
56
54
59
56
54
52
54
59
57
127
121
130
126
126
131
129
131
127
124
129
116
117
120
125
119
126
121
120
124
118
123
114
119
128
130
131
135
132
132
129
136
129
135
141
134
137
137
143
139
135
137
141
138
120
119
127
124
122
127
124
126
125
118
121
131
137
143
140
142
139
142
140
138
142
144
94
107
102
104
106
104
105
98
106
102
104
165
175
169
166
170
175
172
170
171
167
175
123
125
128
121
122
126
127
123
128
124
121
99
107
104
99
107
102
105
103
99
106
101
48
52
47
45
52
54
50
53
46
49
51
100
105
97
102
102
105
100
97
103
104
99
105
104
109
112
107
109
102
110
105
103
109
117
123
121
125
125
121
124
124
119
126
123
135
137
134
138
135
139
140
138
134
140
135
109
118
121
124
123
125
118
118
122
115
120
111
111
109
116
111
113
114
109
114
112
116
107
105
108
102
108
109
105
109
103
106
102
110
104
110
107
112
115
108
109
112
106
111
92
102
98
103
99
102
98
98
96
100
102
88
95
92
97
95
98
94
89
90
94
95
53
57
50
53
55
57
59
60
58
55
53
99
98
93
101
105
98
103
103
101
99
96
107
104
102
107
107
103
104
108
106
104
102
111
113
120
117
115
115
117
118
112
115
114
130
122
124
128
126
125
126
121
127
124
126
107
117
114
111
114
116
111
111
116
110
113
107
111
106
109
112
109
110
105
111
108
109
118
116
124
122
122
126
119
123
117
121
118
101
95
97
100
101
105
100
97
104
98
102
104
98
104
101
105
108
102
100
103
99
102
80
80
86
88
87
83
85
82
83
80
87
43
47
39
42
42
48
43
46
38
44
42
95
99
94
102
96
99
100
94
98
95
99
98
102
105
101
99
98
101
104
97
102
98
25
30
99
102
95
98
93
29
96
99
95
165
166
161
163
166
163
164
169
163
162
165
98
98
93
95
99
100
95
92
95
98
99
90
84
90
88
93
95
90
87
92
89
91
125
129
135
131
135
130
131
130
130
127
133
121
134
131
133
136
131
134
132
128
135
130
106
105
101
100
103
108
106
100
105
104
99
107
113
118
116
117
116
112
113
117
110
112
42
51
49
44
49
46
51
40
43
47
44
109
107
111
105
108
111
110
110
111
106
104
105
116
118
115
115
119
115
119
116
106
113
91
96
101
99
97
101
98
97
100
95
93
104
109
112
114
114
113
109
113
108
105
110
92
98
104
101
104
101
105
97
101
103
98
99
107
105
103
108
105
103
99
101
104
106
100
99
99
106
107
105
103
107
105
103
100
105
107
112
105
115
113
109
110
113
108
105
95
100
102
98
104
102
96
97
101
100
104
100
102
100
97
103
100
98
96
99
104
102
41
40
38
45
40
45
44
40
37
43
45
97
108
104
107
110
109
106
109
102
107
103
97
108
110
105
106
111
108
110
103
106
111
96
95
98
93
101
97
96
95
96
100
92
119
125
122
126
124
123
127
120
121
120
125
102
113
110
114
110
114
112
111
107
114
109
97
107
104
110
109
107
110
102
107
108
104
105
104
110
105
111
110
107
107
104
106
111
104
102
104
109
109
107
103
103
109
107
105
99
103
105
108
108
107
101
104
106
100
102
96
103
107
105
109
107
103
104
104
101
107
46
48
50
43
48
45
49
48
46
44
50
117
125
120
123
120
125
120
124
119
117
123
97
106
105
109
106
111
107
109
105
103
109
114
110
113
116
116
113
117
113
117
111
116
98
111
104
108
109
112
110
110
105
109
107
128
124
122
126
124
124
119
124
128
122
127
120
127
120
122
123
128
122
118
125
116
123
105
112
105
108
106
111
110
112
103
107
109
123
128
131
132
130
128
131
125
128
133
127
114
116
110
115
117
116
121
119
114
116
116
108
114
106
110
112
113
108
114
107
116
109
38
44
40
37
39
44
42
40
44
36
41
116
118
121
114
119
125
121
115
122
117
121
107
116
111
113
115
113
118
115
116
112
110
108
112
123
126
122
128
124
106
109
123
128
108
111
115
110
113
117
115
109
114
116
111
114
110
110
114
117
116
113
113
116
109
108
107
110
112
114
115
113
116
114
109
113
109
117
124
127
129
126
130
127
122
122
128
127
92
96
95
92
101
99
95
98
96
92
94
123
122
120
126
122
127
122
126
124
128
121
114
123
123
126
123
118
119
119
124
121
125
34
39
32
37
35
40
36
33
39
34
37
104
109
111
113
114
112
113
111
114
109
111
92
95
102
100
101
96
102
100
97
102
96
94
99
107
112
110
115
111
98
111
110
103
90
95
91
98
99
97
92
95
92
91
97
87
92
87
86
94
92
86
85
92
90
87
123
116
119
119
123
121
124
122
122
119
117
125
137
133
132
134
139
136
129
133
135
137
102
111
113
108
109
114
108
110
111
105
107
114
117
121
124
123
120
122
122
123
116
119
98
106
101
108
104
109
102
101
108
106
97
34
32
40
38
41
39
37
35
40
34
39
94
104
95
102
104
104
101
102
98
106
103
116
129
123
125
125
125
130
125
128
119
121
103
112
118
116
116
113
118
114
108
116
112
107
105
102
109
104
109
106
106
105
109
101
128
126
123
131
132
128
125
130
128
131
126
136
133
140
135
135
142
137
138
134
135
141
96
98
104
105
101
105
103
101
100
97
103
97
101
96
93
97
100
96
96
94
100
98
100
99
104
96
106
103
101
101
104
99
95
89
99
95
96
97
96
93
92
94
98
96
30
36
29
34
37
36
33
33
35
31
28
99
108
101
105
109
107
103
91
97
93
104
86
94
90
87
89
96
91
93
85
92
88
84
88
85
91
93
91
89
89
86
91
93
122
119
124
119
126
125
122
123
122
121
117
107
107
102
110
110
110
113
105
110
108
103
87
91
95
98
95
99
93
90
97
96
94
112
110
114
117
117
115
118
116
114
111
117
101
109
105
112
108
112
111
108
107
104
106
111
110
116
114
119
116
114
112
117
114
119
84
95
96
92
91
98
95
93
92
97
98
53
50
55
58
53
59
55
51
57
52
55
93
101
94
99
96
101
98
101
94
97
98
89
95
92
88
92
88
94
86
92
90
88
105
114
115
118
118
116
119
114
118
110
112
95
106
103
101
105
102
107
103
99
106
102
104
108
113
116
115
112
108
114
111
111
106
84
86
92
94
89
93
90
90
94
88
92
88
93
89
86
93
90
93
92
88
92
91
99
112
107
110
109
113
111
106
111
104
108
127
122
121
126
127
126
124
120
119
127
126
93
100
102
105
102
101
104
100
100
97
104
43
40
43
47
43
47
45
42
46
45
40
94
98
103
96
107
103
101
98
101
100
105
104
119
114
116
115
114
115
117
112
115
118
102
113
111
116
114
112
109
111
115
109
114
120
125
120
118
122
127
125
122
118
124
124
89
99
98
96
99
97
100
101
98
97
94
118
113
116
118
118
116
119
114
117
117
118
100
109
110
112
110
114
112
109
109
103
105
107
109
104
113
114
110
115
110
109
109
116
97
104
96
101
101
105
102
101
99
103
95
104
102
104
110
105
110
107
110
108
102
105
41
44
39
38
43
41
39
38
43
41
45
98
106
100
98
107
104
109
109
105
102
105
128
132
135
127
137
134
135
131
130
135
134
118
123
118
117
125
124
120
118
124
121
126
110
123
119
121
120
114
123
123
122
117
118
93
90
97
92
98
96
93
98
91
94
93
104
113
109
114
109
114
113
111
113
108
114
100
112
109
105
112
111
107
111
112
108
104
86
86
88
83
90
91
86
91
89
84
86
119
124
120
126
123
126
126
121
123
126
119
129
132
136
130
137
136
130
138
130
130
134
43
42
50
48
46
51
49
42
50
47
45
108
110
116
110
113
112
116
109
118
114
112
117
113
123
117
122
120
123
122
114
118
119
115
120
117
115
122
119
124
121
119
116
123
112
110
113
116
119
117
112
111
113
116
117
105
119
117
116
120
118
114
120
119
117
114
89
93
98
98
100
97
100
97
99
93
91
111
112
117
109
120
116
113
113
116
118
111
112
116
110
117
117
115
119
116
113
110
118